32
32
32
32
32
32
32
32
32
32
32
32
32
32
32
32
32
32
32
32
32
32
32
32
32
32
32
32
32
32
32
32
14
14
14
14
14
14
14
14
14
14
14
14
14
14
14
14
14
14
14
14
14
14
14
14
14
14
14
14
14
14
14
14
14
14
14
14
14
14
14
14
14
14
14
14
14
14
14
14
14
14
14
14
14
14
14
14
14
14
14
14
14
14
14
14
14
14
14
14
14
14
14
14
14
14
14
14
14
14
14
14
14
14
14
14
14
14
14
14
14
14
14
14
14
14
14
14
14
14
0
1
2
3
4
5
6
7
8
9
10
11
12
13
14
15
16
17
18
19
20
21
22
23
24
25
26
27
28
29
30
31
32
33
34
35
36
37
38
39
40
41
42
43
44
45
46
47
48
49
50
51
52
53
54
55
56
57
58
59
60
61
62
63
64
65
66
67
68
69
70
71
72
73
74
75
76
77
78
79
80
81
82
83
84
85
86
87
88
89
90
91
92
93
94
95
96
97
0
1
26
27
50
51
74
75
2
3
28
29
52
53
76
77
4
5
30
31
54
55
78
79
6
7
32
33
56
57
80
81
8
9
34
35
58
59
82
83
10
11
36
37
60
61
84
85
12
13
38
39
62
63
86
87
14
15
40
41
64
65
88
89
16
17
42
43
66
67
90
91
18
19
44
45
68
69
92
93
20
21
46
47
70
71
94
95
22
23
48
49
72
73
96
97
24
25
0
1
26
27
50
51
74
75
2
3
28
29
52
53
76
77
4
5
30
31
54
55
78
79
6
7
32
33
56
57
80
81
8
9
34
35
58
59
82
83
10
11
36
37
60
61
84
85
12
13
38
39
62
63
86
87
14
15
40
41
64
65
88
89
16
17
42
43
66
67
90
91
18
19
44
45
68
69
92
93
20
21
46
47
70
71
94
95
22
23
48
49
72
73
96
97
24
25
34
34
34
34
34
34
34
34
34
34
34
34
34
34
34
34
34
34
34
34
34
34
34
34
34
34
34
34
34
34
34
34
34
34
34
34
34
34
34
34
34
34
34
34
34
34
34
34
34
34
34
34
34
34
34
34
34
34
34
34
34
34
34
34
34
34
34
34
34
34
34
34
34
34
34
34
34
34
34
34
34
34
34
34
34
34
34
34
34
34
34
34
34
34
34
34
34
34
34
34
34
34
34
34
34
34
34
34
34
34
34
34
34
34
34
34
34
34
34
34
34
34
34
34
34
34
34
34
34
34
34
34
34
34
34
34
34
34
34
34
34
34
34
34
34
34
34
34
34
34
34
34
34
34
34
34
34
34
34
34
34
34
34
34
34
34
34
34
34
34
34
34
34
34
34
34
34
34
34
34
34
34
34
34
34
34
34
34
34
34
34
34
34
34
34
34